1916992
2901988
17988301
5169816
15999991
10654910
14154779
14170057
5618484
13837678
3144925
4737939
510875
8074790
17863963
507560
18053479
14911494
18366842
20656560
37770315
9040309
507576
20842827
5208739
32579131
27311183
17677116
14153025
6123204
45831293
32631783
39287184
57303399
3529168
48108002
4211657
22208894
21759007
57651191
3456277
24965796
48051668
21712859
18674535
5455635
65542465
17190553
18313424
1769488
508446
2317615
582528
15121804
27428030
24749654
19684837
507942
33731900
24337240
19210686
13864416
2560066
56833579
23308292
4232273
2634493
32415979
57214833
6209476
16966288
18980983
19354234
4174680
22875914
32523363
22999239
59402024
24931806
4507364
507685
57945194
7992674
6232395
21054961
23630061
19433189
4683333
52343977
22724442
32590948
16003775
24085406
18693101
22652360
22601981
8991486
18603983
21998562
6847354
21726501
23009165
24998522
18031294
23124435
58331899
507586
8074001
8291516
3712507
23953488
32675835
6375044
20843410
22950752
22151794
20667159
8705936
13704740
20652762
20834761
56500762
65404664
19371686
18497150
20878413
32849247
23676897
21078450
22420542
6025818
22436688
57541095
4542860
15963609
23883194
22390170
14711564
6256612
5477290
510320
19640829
18443644
27161345
39367133
18389698
63057654
22730634
38203149
23615634
19293625
2893540
19566276
5716598
65864183
20651627
42467768
23624449
4092445
21564619
27248010
57992112
57003866
27022930
22069951
65356074
510770
4194498
4719450
15953006
14736512
3556441
24390964
21286307
9027742
1966930
27198472
33216340
5347005
21271116
4217553
13709617
43385041
38309864
21581965
1943248
5401435
35925559
19179364
32456061
18136317
23741001
6336049
27342573
21829580
32645221
21191341
58487073
15127754
19183462
19146000
6216816
65154986
18928890
57459981
38316167
59176737
22013176
6208227
8673611
2055079
2274049
27395258
32675734
26910648
16006122
24954674
20779486
515623
16368424
23128395
32446390
2370673
515002
48233624
65409155
65689867
19155941
51541151
24744983
3495460
1891015
14725330
18629388
32333630
17620201
21254389
24348146
2972311
5255451
14187454
38114883
22205369
57945168
2072863
19638508
2292337
56637918
2715154
38116666
24611776
24912711
56826156
22729936
18501633
23223824
23570761
6138711
32659336
5439398
57471962
38114833
65600778
18146141
6029622
19120705
43593234
5319391
20942012
516347
23485134
15911360
22574666
516061
5493867
18361964
25989371
43738504
18146116
16990980
508130
37928249
65680538
22964301
22695432
24311737
65426773
56777730
2008504
21088568
24986975
24865147
21616812
27263843
21564455
22161984
21252959
48215778
1906357
18389887
21942258
21412293
11571878
4094509
5454416
15868798
2524246
19324344
22376293
22378360
27727752
19645730
22493152
8839002
19413661
4538703
24777644
513604
2253889
22246291
39554636
13796831
58197657
28635792
10644837
22409793
20659929
18177585
8301939
3488020
8849763
23741058
17185557
26232653
32342717
18631466
5127446
41891321
23014996
510377
2432653
26975491
507864
17969122
568990
2085004
23631327
57053183
45314401
37765758
5422956
21271250
22303702
58711605
56884418
2719198
3262888
33739275
17803779
9354128
48216120
45306972
38073859
515636
18325135
16762123
513329
26965022
23508257
19624136
23192218
24986242
38215932
2897122
23293832
5161065
5532708
19333734
3083767
32561805
57326656
58985038
18980585
5742062
23898983
23024464
27374985
508753
2014639
18693089
37765552
24780098
21792466
4512919
510274
6755894
4517892
22245135
6088238
13745966
510404
22942603
52973012
8433218
37794812
22917034
21104706
3215488
57971758
24079259
13745584
4555331
2722612
24100209
32657704
66186956
27130145
17229963
18285137
45253370
24944446
24928426
3701329
510423
17624166
8112884
2517958
11566208
2190157
50253785
5433994
23139856
19477152
13916370
22689015
2210437
21155921
65557180
27538277
22800126
2743444
57295342
19829104
17182410
24507693
3452620
4211651
1768048
6028924
14711957
24879665
32212213
515327
512478
6047863
57449876
2474674
63059873
8697116
6074193
8008917
8845270
27436818
3036850
63282002
507941
23301416
27337113
22446287
57622913
18242256
1955323
23673715
38062655
4523727
4117270
23217760
23346799
32872680
18657509
19648910
3223834
65483113
11566327
23672850
4213108
15861091
3899110
17776520
14199532
514779
510289
59263408
65846481
22907441
5282140
508347
8077519
26961290
32488075
17185679
45830418
8065556
56869022
23565344
65785868
23933296
21663488
2401177
23102460
39514744
6225405
18388557
4112763
22637299
57888768
17620855
8901673
2924137
21309435
23635712
13821165
22497342
5135763
4188357
17169347
27731095
510962
19790758
23112717
512255
4520865
5541013
8248113
43548558
23544901
18630572
21336486
19290932
5306282
24868400
2039683
23299798
57793708
8019984
21411786
22465510
6590932
19217690
510273
4734162
23676789
22701562
37784283
32511346
23881809
66000820
38215694
21317661
5409921
43616862
24357744
23644893
1933705
3053632
21947590
20677440
13603026
58013110
27160966
59004210
45822028
23625978
37948640
511875
14874585
3500047
58406964
20919735
66060933
15100786
22931059
32384385
7288959
10020715
20673493
27180638
24636844
4057321
24792118
2648068
5125351
21396703
13797957
21301824
3304702
18002657
20906479
48388649
46440683
3308968
4081966
23058557
5334649
20885130
24359021
52802565
21776314
1769056
18224892
21722927
17919956
4510931
2355826
22005721
39267094
22195795
13854188
28594862
18222526
4131469
6642441
58000931
24966941
5251044
18099067
24924468
5323502
5239639
515445
21997485
6010495
24724370
14158270
57912385
23558306
8947023
19331058
24749442
56565933
2519368
3232864
2647645
19421871
510660
1768045
21088604
16722979
19829104
10020715
19380127
23350705
32589110
57428168
57251423
32638614
63059873
24712182
4172156
8433218
19290932
18099067
22637299
510404
27395258
18393494
27727752
32475480
21411786
58844454
38089980
17624166
5693247
22800126
46440683
5479690
57254190
22022408
23346799
22063764
22917034
2761243
19146627
6028924
508263
23672850
2974381
2974381
43616862
24724370
9428737
45299373
22376293
59253727
13797957
65785868
19704865
27180638
23741090
19648910
32839503
22171840
3137836
1768042
21663488
59439325
26232653
22465510
6027383
58036055
3215671
8019984
4112763
14158270
22182457
6558560
57963356
8064265
28610432
3178285
8248113
57888768
39514744
2534212
2355826
45306972
18340186
24636844
39267094
3308968
19323582
27154409
8901673
507787
21336486
15090601
32657704
24674546
19624136
57660244
26975491
13871868
18476854
26204207
2379688
515445
3500047
45591641
507786
18657509
13854188
15100786
8935536
5199896
3053632
24957239
1767121
19217690
21271250
11566327
6006764
27538277
507779
2034184
510944
4293902
59474290
22879852
20906479
507755
18978133
18222526
24084271
5334649
17169347
18078124
21620262
1940182
511324
2731984
57285078
56560963
57502378
5409921
6755894
514279
18002657
23497569
14711957
16969658
27412122
65846481
65836838
32316977
9292039
11257372
8008917
14753184
6089627
3993193
509084
514779
4081966
4081966
2523199
57996957
21061217
21254649
6600550
586341
13780122
26996393
3573964
22005721
23644893
4212460
5251958
508336
8902514
19790758
18685112
8845270
22201244
32344605
17815134
56636770
45253370
4523727
27191082
5579736
58197657
4531228
508138
23635712
1769008
37772086
32841546
4119478
32488075
3232864
32879120
57732249
58000931
32872017
37948640
21317661
23676789
4131469
18109640
6022114
1955323
21078450
2492152
44278866
43555418
9964880
6301173
65557180
5131383
2405902
53165339
57912385
28594862
2662717
584865
23058557
59004210
18317660
18782391
10338660
1960495
32447452
17776520
2829148
27112393
24298635
510962
2747056
5251044
15091320
22497342
24928426
21616826
1903474
19415090
515909
57045325
22195795
13929082
22907441
22942603
3379564
10350115
5278091
5457431
23112717
2971285
39300753
32512284
20749850
512235
21682198
4510931
34248264
19431448
3304702
22305317
22593954
18281507
2189023
20946581
57710276
33604213
22041201
52973012
59057520
8852305
58648021
2038783
48229983
5187402
45830418
20885130
5216828
22994430
6030056
21068055
9972493
19455642
510541
1890235
2919841
24897858
32633724
8852398
507669
24966941
66186956
2647645
2369326
563128
25127332
57880494
8921236
5208730
24968645
24924378
4668013
58452579
15121178
2647642
8002840
32549182
38123063
5457340
48388649
18285137
21010043
2814988
3344563
21640562
18340966
65612302
21088644
5687824
2636848
16790018
2799478
65313814
19495446
510993
21155004
8075639
13818364
6031094
25089718
14197276
20952371
23899451
3375865
27168857
1767454
4013473
28637285
14889155
27535099
19601019
22895982
59263408
20850843
38157782
15992473
27252178
23139856
507780
18242256
21322261
5686527
43556941
32590961
21893431
1998637
24915729
9947622
5427664
19604619
18696840
20698221
13821165
4175269
22928721
24313382
585465
4501006
18041973
22425861
48121111
3358648
2691838
22205328
1767676
19800378
15100491
5705313
3716794
58013110
4662761
8840450
9967939
2207077
32316403
20709170
14179668
45314707
32866611
2407390
1769485
7288959
568722
21027663
507804
13763421
509331
20709170
21340274
57622913
18693079
4057321
44000395
32562089
17790429
52350754
21288261
19331058
24803348
15875952
21947558
18225879
48160247
509462
21689860
50259901
6364675
3716734
23558166
508125
13910463
57952064
21375670
27731095
2802772
4698718
13746989
15879791
17169293
19633356
27343171
5683073
17884202
5321483
19290119
51439646
23544901
56869319
2854966
59128576
22733469
23919667
27476441
24759783
23020293
22071175
21947558
27338481
1770760
22807946
13724991
20681758
22974270
1767397
6116076
5466729
509705
21021043
32345063
14739923
22466370
8009399
19081362
8675602
19376264
22694052
9266806
23985027
3875563
5169786
63170745
507920
23512946
48066455
17781940
4119822
6003540
18281480
24603523
14710454
4094560
22372837
19492203
17158200
2072527
18985052
63000184
43610901
22216424
23657193
24859898
43604128
22660642
513037
14896061
18291336
13922461
21973915
59291372
512280
19696196
5265964
5111537
19263440
21759163
65474248
19421871
24813621
2313145
24703492
21088604
513362
13897790
15118063
3899104
58434161
57436908
27553776
4043014
17945950
57905920
32578573
20673493
2191453
20934347
26914164
18199895
32385079
1927225
14709846
25034529
3344173
8884765
19490564
22543823
23976808
24268170
56956126
2827057
58385229
19141068
19609613
10351355
1768117
17850299
13838794
27025310
21825585
27434791
19708800
32321852
16825865
19606143
43608110
1894258
8897976
38787189
32779462
17656412
27306438
5322808
5125351
510666
21593797
13746130
19275657
4661049
19343863
15101958
23512515
2985352
18519040
510773
5725294
14903282
65800478
4509549
23644860
55016715
5578980
23183374
65763197
20662140
5279332
5860940
1919629
5263870
8045315
56534235
8071299
11553037
561860
24725447
8966326
6077342
57622340
3664978
3525907
6849950
3430600
37932017
3487045
2484928
23516579
21688143
5802759
24607572
48154167
6096920
6438113
20677440
24097182
3454252
3324238
18073267
2273959
8069684
5480495
2917225
6026269
565067
6232012
24344962
4115715
10351016
5226382
5703539
45298763
65663826
8868017
2202985
32754246
3224647
16002660
19485011
19131674
32874607
21562873
6243039
27249208
18362147
1753327
23314862
18662206
66007727
6455006
22897257
1897369
21939255
22644759
16002130
14897187
18276783
24823701
508880
22871149
513592
32385114
27159322
17890370
65569686
507776
513033
18285870
22938160
22732085
17956231
9910979
32463714
17210979
19151619
46440683
32638614
21021043
65569686
24954170
32371457
4094560
23509169
18291336
19263440
32680080
17210979
22515481
59439325
22993184
13821165
508632
15959530
13910463
24928426
2407390
5125351
13745966
22216424
19800378
52350754
5663477
1972576
22994430
25034529
19431448
2189734
32589110
24740709
15106121
26975491
59291372
27252178
24931580
9292039
43556941
24528652
18685112
5255498
8074265
3304702
514279
21825585
8897976
19168261
19709938
5208730
58385229
1772911
10351355
27338481
24803348
21027663
6405466
10007292
5860940
16002130
19492203
65734326
18968380
4512057
2262031
32383758
24759783
4213754
22597828
511599
1770733
8947023
22022408
510541
5409921
2120719
22238818
2776777
4043014
5358485
56956126
19709938
4523727
18987932
14194365
32753589
48121111
21593847
19376264
5442321
23899451
33567314
3344563
585465
2309977
28576064
10020715
58036055
3899104
58013645
40925788
5189980
5687824
19009774
21007921
512371
2144467
58918410
18696840
6364675
6274090
21688143
5724122
56535841
13746989
2691838
508453
65474248
22216858
4057321
24025076
10351016
5226382
20931350
22828412
20677440
13603026
15098501
8002830
5514021
21578659
3875563
21621997
38113144
8008474
22736042
21973915
24957239
1893463
13763421
9266806
3224647
24632412
66186956
23739921
21662541
1767763
513282
22806308
9964880
14895914
18314686
59439609
16054425
2252542
23122974
55016715
18417492
24604786
8948136
4115715
33562041
13918700
22657301
23544901
17792991
1960729
18813544
27265230
21921825
24673308
2273959
6271139
18183994
32385114
23657193
2827057
4501006
20852950
6244169
17791517
2863447
26961290
17781940
17876236
18017036
2469166
6122064
1919629
22315923
2647645
2003236
2191453
15992473
3671251
510773
23244173
21800450
5265964
18696844
17755561
58945469
5737372
4174387
65554290
58473194
19128796
23406325
10668217
17977316
23328911
512280
38202871
34543670
24952170
58434161
22943261
4286279
13949990
5393369
20773154
32320936
512460
20673493
20773239
4119259
1928578
6031094
18178924
45687881
27140804
11561983
1924771
27275925
512825
22583422
20698221
23998877
48058667
24703492
19708800
20885130
19590541
5703539
21301680
2082625
11574978
511586
24840964
3430600
565067
27318216
4122063
21558497
4561245
6226924
21689860
5251044
4662761
18149176
14904143
8878704
65663826
2809756
21396703
513426
27731095
22644759
27553776
22227613
27317619
22875459
26234049
1908436
13933712
2276647
32300294
12647709
22360572
23367657
21640562
3379564
513037
14897187
4272340
19632493
4182281
20941527
6139866
18688072
21088604
22637289
57458706
5343663
8045315
21396703
5530562
11574978
19590541
14692998
23367657
21993091
6715759
58452579
27006646
18782391
32300294
20910059
10020780
2424109
514376
8847931
6139866
21893431
1998637
13911073
13709599
58409422
56924383
4097586
32341436
2289628
14715327
2487922
26911983
13929082
18688072
516520
17984550
13911164
50254397
18693187
3706684
4671931
65800695
50771643
17634718
2313145
4657406
2908582
6118651
2714827
18102018
2650186
18011695
8064677
19634595
2814988
20641855
19418004
19236780
19566204
32597308
18362147
583838
57494655
20654506
4179655
510902
18280058
21903191
8912718
57520153
1953784
37795361
2018530
516103
5438938
4518770
19192509
27030344
58309553
38107368
27404084
43604128
24380565
15952873
4268595
19421871
23624704
6252227
21725280
38122323
22920818
2369431
20777489
27197343
24612837
2853805
19265521
32463714
5155480
23004711
1924384
4287193
19604619
24823701
6019915
2639713
57897783
22807198
510874
1927225
35783592
19613329
24952126
1894258
3578044
5725294
3444637
21336914
8852398
32498628
510333
19158444
4503614
12599909
58111758
52471931
18605554
3704101
21288261
1768945
21178823
19188535
18104463
23669068
62840697
6209912
43610901
1769548
19652094
65577311
33598662
23139856
23481148
13752162
13724919
510460
21128599
19586865
2674369
5619054
48160247
6824619
23348003
507735
66000820
3560008
24607572
18322347
5260542
4097487
26229946
21671823
18001082
17956231
21785097
4271659
22886078
26960506
5233927
23639027
38218358
17872944
507565
13856339
4563217
562868
19818975
59049861
2383186
5492046
2375575
27553845
24353324
5714963
8850811
19131674
23364415
27200022
510414
13937353
19159059
6533570
18705328
5248680
38104479
8825004
23480375
5470104
3089860
22416995
22892818
38120697
17945950
19620157
19301003
511008
3212818
5669032
3375865
23742181
23064111
4294756
8966916
23004394
56607549
18090933
19089201
511120
59310516
14158256
20673469
5401015
14687115
23938107
27316765
3147982
28625041
3695110
22425861
23645286
22880886
17626496
2500183
27510030
4692412
2671402
2873347
18016668
2296789
6147816
57880494
23366092
2397637
38089295
15100491
21041684
5347976
58384584
20669713
23558166
1942504
23976808
1769359
4111073
2715256
19152834
2189023
2041279
20662140
59288583
19002958
5258074
511851
18041973
27452392
19645310
18006047
5480495
22382920
57685620
2452222
20778678
1768051
22594442
20660365
23658039
21785142
1921108
24789090
2677600
6034853
23096473
22989187
60884793
22240358
5601580
24778382
20944119
3035335
4231149
21122441
514945
4189534
5664559
569941
5693247
5263870
1767778
66142088
18198729
27399464
3533512
5143111
56844496
45821150
4513862
21084632
43618930
14897244
2745640
512195
21411810
8025291
507675
8031927
511356
19660420
2262823
1769053
27453633
22897257
17968037
5263870
2703391
4119878
32678784
19088308
1893688
18988882
17677522
18073267
38787116
2487931
13826775
5465120
10654450
15959040
32565129
22701581
18309050
19608207
19581251
23451074
2028544
11766120
20935015
2877286
8039592
21274728
2920138
21665489
23497967
18364105
57887573
58587196
2933764
2017738
24112666
1771972
6011232
21690457
5455181
56540115
2797219
27315006
38220369
2655271
27452405
11553037
58428773
45971934
24789090
13826775
27496311
584510
8819555
2381848
24749653
19815050
2484928
32472989
1753327
1769596
1945879
11576738
10651687
5131383
1767445
9964718
10667800
5636838
24921671
58171193
13835400
18635143
23892165
1754932
19263714
27146079
8985215
5650245
18334946
3371710
21365023
20669534
1768831
5601580
13846331
4684083
20779745
17706408
19123095
508264
2900674
6141168
23965871
3276043
23931011
19115301
57839956
18501602
510326
4510097
22642725
19417455
4541198
21382533
33598349
18398036
14739211
6173736
13838794
32845360
5140532
6243907
16831892
37936143
14719771
37771346
23527064
58773107
17890370
26964568
507767
45559939
21963992
18276783
6203376
19606143
2684494
4697793
1774528
23515537
58978856
4697032
21980106
19247605
57676125
2586976
14721196
16958521
22677061
4539457
18964732
14172132
24353122
515304
5425779
11230913
5640321
22644562
22967508
3500797
32396496
2129833
4225037
21319178
24077933
8055174
59256845
22660642
19572795
8699620
3521638
18063565
3560878
4721589
11567638
2105530
11547329
1934026
21945938
18971293
32374265
18042010
4011214
57334255
8829378
572205
1891285
4672491
21690891
27149547
509080
6138782
24078718
45296292
9753720
2462338
3482638
8916000
32649485
4209470
511777
1962835
13932704
20980631
18325623
4509549
18561296
14889181
65720324
18134486
510774
58275431
5466729
2111890
20929022
5517979
38119761
18385524
17802099
1771378
3097873
23951794
57558566
2329879
18370223
2665663
21040337
18485417
5395224
18333516
18384168
14739211
6243039
5117706
22836955
24886744
4521331
1771267
32595705
20843890
22974252
2303326
3083263
2326996
511682
5140532
512216
8009399
9341658
14723418
5484977
4111774
5640321
13780811
511658
5372124
4277875
19168265
58385107
513056
1769344
32855695
4703302
3574636
2728069
21282452
18642352
23043528
22439161
1769245
4840346
13794236
8028071
43618715
514373
15094042
23925360
26215987
9020079
5588994
18605970
16829525
3370009
510727
3877462
5217199
511754
43606204
18336785
16831954
17562603
18273871
9303311
16962507
18561789
5283106
509737
16532998
17966533
32487767
2763223
24335353
6457216
509204
13891638
3667063
3195691
3997597
20960469
38116856
16976071
66505968
16793662
17964933
48064414
20938751
10665445
15181876
21163526
16267006
18336895
15181822
55141474
58952474
3172432
16338805
59026490
66923398
40259531
4833921
3470533
2373283
508922
507954
58372961
22908981
57208403
16122380
9992710
12592879
18336840
16827262
16828133
58238075
11557568
5554321
16230560
9010455
18204557
23298202
13936688
10669160
21169680
16822788
509307
20706236
22715023
516461
8055226
17672015
8025308
5285446
11549807
18248462
16204513
5599162
9023504
16832115
17803489
24084225
16818513
16831311
511290
5667227
14155041
5358504
510286
507571
19432177
508552
5355402
583731
1966510
509736
2515078
2358352
8835952
511804
37934515
513754
9025310
3076888
11573046
3661588
3894943
4012978
9013797
5358028
9024011
22286586
9009333
18098840
18524195
9012822
9015464
9979753
9024298
32339448
2840728
58444353
18336800
16827351
16833472
21961551
8291547
18585622
9017261
5147258
16833676
5861540
13728982
22199878
50773874
16005270
1898398
508127
13917551
57409442
516433
513193
507819
18327421
4114897
2778640
5486852
513554
19232974
58539487
5456100
18336851
47884994
2876830
19615668
13829236
21289908
9024371
17965160
9005482
16823803
9013898
4075603
18278035
6059913
9991952
5374434
6058745
14899488
579003
509079
516298
65505334
5134711
23721799
513225
32504972
17637555
16012197
16832172
5857149
9992942
563472
18542411
4499044
16832040
19197024
16829436
13839046
15130478
18261153
5574954
16825684
21275071
16830015
9021577
22980671
13745522
9022989
18584847
9018108
9013574
21242666
9014949
13831569
16829949
21055772
10653456
9992908
16826207
16830502
2379733
21583156
58381360
66365478
19366463
9009924
11562807
43605045
3930691
8941116
17709428
18642123
18635549
1918309
3530335
2647447
6447905
17881076
6004691
9946150
9021185
17986194
9008203
17104609
22419997
18178918
5683341
9013667
15102935
18634965
17320816
19228942
4131350
15004765
9012154
15102923
9008410
16829801
9004397
16826807
16829363
16826051
45295718
9947792
17966368
9009757
1943677
19106525
48133986
23633102
22082340
508387
22036299
24654177
15993367
24516606
16823744
58963925
6162752
9022578
65642851
22415073
9006970
32573734
24860457
17317856
17242036
9992224
9018101
18336913
9023115
8725524
17975603
3658510
510450
64238392
19660014
14198506
6131370
22389188
3284710
17869251
3122779
2065639
16827291
19466183
16831454
9004647
9019015
2921845
16828087
15125619
2233027
27248019
5490013
3644320
23442447
13708064
5655369
27429295
21774371
19148171
38103673
9004819
6129861
22210891
35050022
14875719
4672501
66430635
58022621
32736627
9024753
22874389
9007818
27034421
24057357
66215477
15181998
9012785
15004394
18615835
9007529
9019914
9023428
9015683
5544762
565213
510724
2780689
4543652
6212438
509926
508957
20640194
3648196
37783548
6440776
4127546
9067751
57548852
15949318
65662375
1925899
508041
513715
578543
507589
560813
19397042
65635526
27132462
6439508
507859
32673853
21322136
13829800
9993329
20882675
66189676
3674845
6440257
18541887
16824714
18123702
9017028
26208497
23552520
19123710
9003726
45304818
9013719
16831485
16824614
16831093
18594147
16825141
18586735
9052519
3311101
18490044
9979547
15181768
21332765
4297373
2263312
14716346
19645602
5516312
62246915
2416087
16361988
18052801
19696074
4680867
10334169
5403908
18487432
9006851
9003983
3539233
9992919
9992833
9009081
16826205
14891444
65575538
9005917
22644330
22114008
15181914
9020325
9019575
9021833
13817169
17106474
9025422
9018401
16831073
13805417
9025029
16828980
16826181
9010561
9014214
9022219
9020440
15181950
16826512
5464738
9010883
9004844
9004301
9006914
9008915
9018071
19408837
20812714
8702532
9010215
21082544
510689
18074070
21580014
2257381
508205
509639
4199515
22298374
22517240
2678773
4283974
4565454
2520517
66169754
6261238
28582726
9018888
11572294
9991746
18106490
45303478
9024331
27160062
59285135
16525649
9024700
5246787
22994298
6116650
14887526
14728382
18084803
514569
13911945
2061046
17189170
14907997
4516193
3658864
2236252
511607
13664133
2670925
6296958
5219791
21570312
13859932
515740
18577062
3169375
10332042
13747733
8788799
9018891
9017429
3017062
9005189
6086646
5739349
15869346
2816404
17384157
9014909
9993917
15969427
9992898
9993963
9024247
12600015
24267719
9024879
24506418
9022745
9023323
9991477
9024533
9019372
9014111
9006088
17167964
9004883
9021719
9993056
9025027
9007832
9011717
10649578
9008357
9006305
17434613
9017460
9011255
9993958
9010295
9011124
9005804
3505783
9010597
9015721
9022431
9006503
9005622
9019368
9017817
9015558
9017295
9016097
9022499
9993557
9991841
9991328
6518140
17884147
9014875
9011986
9006904
9003334
9021608
9025208
9012587
9991493
9992176
9023500
8774726
9006583
9023469
9017262
9007359
9006336
9991260
9023772
9006399
9004137
9018378
9992236
581652
509048
3522928
3693874
16973798
508201
18149047
9018565
24831425
4175583
20628498
15871420
21987960
24817212
32519583
23618691
9024605
22153350
19474551
22953027
23738816
22998598
65642682
20933837
4271812
8853291
2997649
45868337
18225363
13929295
9014615
6439892
57842225
5200199
13932699
33573132
23322274
9022909
50252455
22298448
17043049
16831884
513199
9019061
9012388
9991222
5453133
16147832
16826903
5601713
8721642
24653459
3189058
63342444
21316965
9013804
3338620
32516667
24966685
5239579
4729180
2417944
16794002
22874592
512369
2629015
5364623
8862408
18391762
58381413
21330797
3301771
2639740
512527
16260238
2385073
18327048
43610273
22838553
55019835
16826000
2874076
32643603
16828007
9022060
9017897
24842504
17831743
56901805
9007251
17672199
9008856
19210114
32588725
9994039
17499761
9020167
18079293
9010553
9007330
27128171
56589028
21564650
15863972
58733867
9014963
24882586
16557391
9007531
16830362
9003722
16828851
9020397
16828533
15181807
58954561
5349960
9024566
9012876
16826275
16826941
15181908
9017732
16828025
9007462
9023479
9022694
9023390
3434539
9993412
9025423
9022192
9010560
9009591
16831573
16828843
9024168
9023268
9004401
65823991
19431514
59401064
26999036
19380793
514678
24093151
45823279
13846088
41696567
6231594
5375619
8996297
17756092
24075291
27190978
19449858
9990961
17242108
9025901
9009767
32316491
2240488
2410885
19374292
15918950
5713632
23036975
37942454
9010987
16469659
9012410
48105536
16825406
9021867
2564419
9991779
9020662
9016913
2189752
9025640
13830705
9023022
3089830
23413118
19571512
48063510
45322162
27271179
1997950
66081348
18979348
23500739
9020230
5353768
21682776
9020366
9012458
27131674
9016980
586208
9015087
9012826
9025808
9004500
579746
16832117
66205167
23128868
18499683
9016083
9991250
9013244
9010085
24962418
37923133
24710313
38138100
24282048
17933213
58796787
23997986
15987095
23925121
56638333
9992979
24946616
21160539
27320200
22390006
65753133
18704325
2585011
65320157
66407789
4183553
5542008
32587412
65834905
57383955
15959827
17507658
9007858
9015092
66003565
18278997
23004841
511448
65565535
9085053
4197988
2819437
3146239
17672782
9014574
22250192
9009213
9991595
20919560
2249641
508411
2959945
2585002
21233487
18219875
9008028
9021856
19581642
18031942
16834461
23017863
9012297
16589996
17638582
9019323
21649646
16834869
9018367
9014722
16833890
16833764
9991474
16833352
16833973
18224920
20777561
2390701
8988542
24838748
18251161
5365680
507837
3380941
27312110
2180935
3714355
509937
4720454
20680136
19329101
16833365
19155595
66039434
58871594
13775452
16834287
3303160
13862265
510756
48147355
45247241
50256891
42842811
5622993
1923244
16013279
2637994
508060
66865260
2901310
9961453
3005209
5862846
2855014
4737094
2055409
511284
22652780
11559111
565837
16794030
4664114
22301340
19696078
15880523
3133942
24301789
58889116
5612357
2431231
66784382
24835807
66084423
17985996
13671266
5449723
19606465
9012521
23306709
16830248
9024016
24843415
16831038
32330113
9993015
9017634
16271700
6001053
18031323
14732737
16559932
16822767
2406484
510691
2262376
21937400
1950514
510671
37402791
16329382
13878721
21780998
19403935
27337890
8152804
2561296
5590511
50258002
19409694
14718068
23112733
27261310
17663595
9992366
18661822
19653331
9019815
14161573
17630518
9009589
16831715
9019583
16828227
17789076
9009824
9011575
9012373
9010318
9024488
9025135
9020840
9012832
9018457
24067830
9019214
9025246
16831521
9004240
9004932
9017482
18722098
24069008
8436012
6079985
510712
512917
18495446
16985351
3116893
516005
15877487
13658999
3656326
2771515
9380507
16962977
21646183
9021269
9006080
10646429
17677028
15871316
27138829
18228194
564307
15181974
66763581
9991888
15181912
48021418
18336928
9023366
16823805
15181986
3259402
507555
5547269
508496
18083744
3105712
512961
3654718
65539729
2452396
20881819
16625428
16961714
9017591
17005375
2528872
16832154
9992163
16406826
66881360
9017833
9992084
510695
9992289
9014696
16331109
513846
2108401
2578354
9024644
9004242
2016223
65764686
5111736
22322038
9016321
2783989
16823306
9013904
21580127
508206
23229768
2770243
8810931
9024525
9024777
18051468
9013873
32486215
560601
9004843
1924072
10651739
22637137
18487421
2353375
512217
509973
2401999
4130117
5355381
510315
5472240
2814265
16416673
8924122
15098154
58934438
4194046
17192004
3661504
17961874
9992529
8965686
59148912
18425397
2395405
16832720
16825625
17138876
18281163
9013105
9994835
9992517
2294110
3907819
9017988
9018859
13725068
2119057
17964766
9020590
2664181
45329637
15953643
4194232
65785151
6041374
23444130
19306731
2043706
1937614
22880231
18598301
17317929
17950876
1970944
2401360
21055053
5453450
66248781
9015148
17988605
21238200
9012759
9017311
17954766
9025878
18598138
4055509
18008616
16958539
18136840
9016956
9991024
18326267
23991179
9013572
9013362
9025605
18508164
9003255
15182009
66031120
9016293
9006298
18258240
9991064
9024224
9020628
9013872
9013843
9019916
9017593
9024281
15181805
15181757
9018562
9003258
9010578
23635559
2893213
2957221
511285
511307
21619237
15909736
16832192
19439496
9023004
38079522
28516877
38073660
16825481
9021315
18231220
18584147
510314
9031504
5304049
4509309
3505258
17861513
2611732
16834185
9020878
18308070
9023155
66826620
512403
2105986
4057255
561587
3697909
2309110
3453481
15004259
2902660
45298425
508421
18557268
48120828
6337251
16834733
5722282
16834789
16823686
16834697
9022658
17276837
9005613
16671056
9025070
16834740
16834774
9991348
9022480
3321016
23376934
17603564
15181783
16834642
8984317
1966420
5541141
5267806
58352550
2292949
6114682
5385043
10014300
2778364
512062
9006388
4707676
16986953
9006761
9023180
9005550
9003908
9025004
9023516
9991440
9016192
9004409
9008210
9011327
9019761
9024766
9006210
9008486
9013912
16581208
9009666
9006407
9022333
9012728
9013018
9010900
9025210
9005763
9010370
9023461
9020035
9008006
9025748
9004893
9015215
9005883
9016471
16635012
9018503
9007424
9020206
9008620
15181957
9014478
9010230
9008925
9004611
9003537
9015054
21610594
5199922
6293145
32384033
32754302
9946410
7715679
22418901
2996419
3170764
23495086
19210470
24763802
24991015
4120575
5141480
9008982
4859684
9017437
19202211
13921453
9003414
9020075
24641058
21320483
9010956
24882635
5190460
18346447
6227612
11547112
6024801
32870904
17269795
8711393
4225431
5869557
9004990
23720417
9041464
23041894
9991297
14889746
9025596
27188667
6831626
9990581
58370701
22643023
2770006
5706277
17207118
9015460
9022930
9990644
18074999
20874422
9018482
9013074
9014883
19706388
9022525
9010305
18048258
15115806
15880379
9008621
9991344
18238713
16825596
9991211
9012265
56577787
57956666
9991252
59104412
9004096
9014291
9012772
9011044
9015667
9022165
13726895
9014293
39049643
17631887
9012637
9013776
9017539
9010625
9017655
20874445
9019859
9019270
9024053
39035073
9015963
9015700
9020545
9021114
9024580
9008121
9025597
9011950
513847
9013107
9018550
9009608
9004006
20876995
9012434
9021297
24064637
9012687
9015841
18425479
9022995
9008564
9017585
9019763
9006923
9990607
9017359
9017467
4116879
9024050
9015212
9009404
9990641
9007267
9990769
9024307
9022932
9017826
9006981
22693759
6146927
9004773
15181831
9017904
9015852
9021675
8839559
34649381
17194627
20664069
9017589
16478538
24885508
9022449
18234962
3258946
37286579
4720939
16598864
9025341
9023176
9025035
21373562
9019949
16598830
9003279
9022927
9025657
9009434
5394237
9021341
9022116
9007654
9011475
9004680
6195574
18020793
23516185
38251532
1960003
510317
32342652
15112647
17192489
38229618
22145502
567504
2109559
3506710
23306638
511298
23540123
2434330
20775299
516105
24992336
22244485
66704292
18352774
24947575
57412011
32775246
23540099
65408499
21724891
22688783
23282969
508128
3275086
2834785
21263303
2758294
62482052
2894389
507842
2775889
19275342
5650559
18637845
5133600
19361667
2592106
65334856
10663640
64441302
18072695
10647853
510031
14694287
17659581
1968517
16831741
9019258
2553790
567379
5169897
65397348
19604812
14694280
9949343
16962119
16007370
3184357
3028660
3061900
16294169
15002884
515284
13727261
5133568
14157164
9007932
13908192
16962111
17966360
2889748
2004307
18144040
5626641
48217264
512113
3276583
4107166
5502055
50412633
23720846
27518255
17224686
20971140
18639746
18042328
10659740
21751068
38214968
9003556
18571133
66515922
507593
19329641
17137018
2198824
13876210
65948685
58730128
58217755
8008429
516658
18276068
508240
18143566
2819323
2132791
4175585
9014710
3335638
9006576
23953155
9005889
58420164
16830985
9992291
13828640
513742
13926730
16830952
516180
2061307
510477
4110801
24307307
4197994
9993036
58938022
5428647
65943730
18176040
2978599
2048923
2475115
21917560
5450647
23916443
5467611
12980479
18606811
3029329
27290482
13785156
9008334
16814279
14734160
17932362
3036967
6090747
22733209
18425526
16829739
15907866
66891159
9993085
574191
508324
510329
21180825
509974
21365555
17149773
18323016
17824504
2264587
3170866
9008355
9017221
9014594
2430433
22057011
9992473
16823738
4678236
5707258
507715
32489675
18525488
26956065
66009598
4058137
23608879
18535736
23899413
23048449
27026425
17213245
22161794
22509102
16827718
15125504
38214390
2806546
27530814
4513697
23111893
16939045
18484307
9017685
582150
15962299
9012118
9016599
9003815
66703972
18286038
9012226
9003898
2782459
18765508
4087516
5646842
20722284
22690214
19827891
2013955
17687251
19315246
2067742
22725519
9853658
66195697
18603202
16582584
15063438
18282618
5650042
13880727
10014031
9003766
9004813
2188846
9020577
9017720
16825665
10339454
57513347
2659801
9009427
9004440
16831096
4106188
12593811
9992438
9025556
2432866
19127422
9011446
507983
516575
2081218
45298173
8047698
23442453
17896369
16251603
18570279
4707544
2093599
507573
48233528
13780903
9014612
9021249
16825844
15961526
565504
3575029
2422099
26914075
9025668
9006363
9009328
16831124
9006130
18588252
4533908
507607
9020046
17028113
22416724
13797971
18365751
19415920
2622214
16829741
2544715
18255400
16717311
16831651
18327741
21831667
8781370
509499
512525
515204
32423041
2234080
17654018
14709126
9015777
18042906
18965588
16394371
4672823
514997
16252684
9005868
66338880
16147830
9022147
16829583
27479634
48147408
2682169
2788894
32703511
5198314
24801030
16552220
65983525
16824378
13883188
9011148
9038803
58355698
58360660
9003437
15002862
4740584
28632747
66293228
24956946
561199
8639907
563555
2411068
48008491
4737452
2867608
10661634
3221800
509060
18425111
32853518
14200640
17192063
26945057
2136112
21599924
18318883
59267379
21069033
9010351
16827735
6612461
18336889
9009045
16416223
3469183
9023509
23601967
4135905
16005221
32476248
6154487
9020653
66583794
2596171
22979385
13727570
16052190
65379801
9007174
18336920
9014724
16194293
15181763
63251424
16272310
2267545
2223793
11570337
2402830
23013196
23508905
19565059
9011979
16398153
19092609
16829821
4045813
5133577
2563729
65384904
9011624
41164404
16194034
17347046
3006460
18540366
9992342
8692533
15964629
9021775
16214209
5743018
8694553
2017177
18328207
21359353
2269702
5368455
27544781
16284100
9992666
9018445
9005311
16472702
3704425
515483
510524
3259984
16823772
18527302
11252509
18477909
19092269
9011614
10336553
3681568
16825650
9013665
58459019
22891888
18519609
9022350
510736
5291289
5458500
23618732
18496102
23015438
27262479
510432
17938309
19275847
16970546
23879329
3873175
58564513
9014798
18094917
16163005
18613839
9024815
2361895
2566024
2368024
516086
508570
513222
17628209
17970704
18234936
65552602
2034538
37253098
6262073
8036237
2499295
8002551
16360791
17103580
18291580
32859406
8708850
508246
18275580
4103109
18225217
17149283
17853110
21906440
22400917
2598139
15857797
21654039
9005738
9992472
9010811
22159985
9018623
16305993
16265852
17068058
18106533
16832150
9025167
4061143
22745572
2095825
18545149
2667751
4503225
2002039
512514
24978257
65542678
22923622
9025789
14898057
65928903
16122653
510310
6671081
9011270
16228633
16243677
48008862
13780162
16828311
16825768
16332834
9021460
22703551
9024661
9021511
8828370
508720
1940668
2423893
5133569
66683186
5294896
21111262
18366337
9009917
16604415
3137521
5583750
23061109
20674913
22987507
2411005
4680768
3344107
27011523
9952053
2774629
9004949
66792934
9993308
5496618
15181993
16831625
22141509
15181774
578902
9040857
22898502
33577151
2472439
5316280
585912
22643089
585392
9008733
9022988
2840875
20959655
5391193
509159
19638187
9012558
16438435
66215719
21361055
508754
1957096
3038434
43618977
4210221
32454725
16823289
9007377
17037784
3691975
9019288
16831705
5860713
5628660
58884937
32500974
55034288
4893197
17856140
561370
2046301
18045785
2645596
3213943
20727768
22291143
5930619
16825135
38335982
16215322
16830297
2776600
16823411
16826338
16824912
17656753
13884544
9022698
18605605
56574793
510715
19437224
16938950
16824511
4565257
9018852
16826597
13662776
16825106
16826837
16831966
5989979
5667533
3146809
4091434
22731767
562822
5123472
2109628
4500745
15964228
1890367
562612
4536128
17628577
15929735
21658780
5195066
24327780
16828169
2734408
4020871
9025809
4673953
22896778
511496
16542168
19745233
9020574
16244692
9017937
17888738
16832142
9020893
66572873
9025297
16830819
9004392
16822403
15004763
9003495
9017980
9004162
22229520
32583901
9004361
16590001
16828275
9019792
16241990
9009604
13734309
9993127
9010101
15947276
9017454
9004213
9017038
16833188
9010990
16427121
5507830
16830917
15920309
8574533
1899955
17812178
562234
18214475
21909390
16824343
513584
8918869
21909434
1940953
2774767
18240050
15003050
21914667
23494535
16831248
16824523
18814851
19362318
16825123
9016181
9021588
24911401
16829727
9015362
16824409
9021721
9017371
22250464
9974410
8670517
5746098
24354237
563373
2727460
23098559
2645665
2747677
19150313
66085476
17243205
23137081
18779628
5700781
6746064
6440693
16626423
5625895
55016635
9993721
9022652
19106636
16348139
9020343
16823670
17121734
16333338
17978197
16826187
17450221
9993663
22284520
16831873
22427399
5284772
514340
24034097
13933650
24093694
4525224
18767906
8063595
17964753
21178187
59099516
66026615
2964838
2049274
5452909
23873163
3165706
5442269
2262229
4526612
4135567
17858263
5625415
3577591
8995912
20773126
66217242
23492828
15947961
2617885
22070933
16823808
5638392
9035731
9914499
15997390
4738837
16832986
9965176
65652878
16830815
4078909
59110192
9010514
9008367
9009269
19337113
5718104
9022920
17094735
16612521
2460826
13790038
9021435
17709617
17682398
9993279
509655
17214142
22231279
4217580
58355313
9003675
9021173
18545142
9019071
9016043
9006082
9021420
9973036
16256501
17965153
9013282
13826470
21756322
27479218
6530483
5176775
18106535
8856935
2827279
32473151
4293192
6241767
5861169
8887903
17563223
9003768
9022395
64033823
48007795
9004955
48233942
22959607
16591176
66882037
9018922
66737002
9006175
17312585
16541334
9021728
9008271
22472535
9022410
9010573
17314960
16031539
9993903
9018073
9005882
9020725
16824503
9023569
9023642
16824342
9019115
9007589
9020171
9004639
9021748
16824370
9008829
17988548
9019430
23966289
15863000
14708510
23931618
22946169
9994085
16830734
17782238
6836328
9012485
16438199
9024762
9022203
9013494
9003913
9024860
9011471
9010474
9010361
9015633
9024721
9023601
9011131
9018300
24886487
3110020
9013570
9005028
9017515
9010362
9994166
9003266
9023805
9007650
9013441
9024859
9007139
9022550
9023690
9020873
9025793
9018268
9004078
9006920
9003530
9017414
9023363
6447860
9013585
9013462
9014296
9012481
9012469
9020686
9022080
9017415
9009429
9004284
9004035
6891042
9003864
9017373
9015636
9019122
9018318
65324897
9025581
5620053
16368098
58724936
17930759
9021966
9016526
18002956
16831942
21180748
4509696
3586573
57886803
37946003
9336507
66583905
17971296
15916363
20830957
19138580
50258043
66905414
13806397
4212587
515902
23736774
1956373
1935847
43607324
5133576
5368931
66092174
8017987
66697298
66212410
16823781
9993563
4205234
20732306
511741
11559669
21791185
2409520
23913377
9007367
508001
2555989
9006572
2078656
9019085
9024433
9017854
32774539
21725362
9016679
9023740
9003381
5410911
58531157
513928
38331804
20704789
24671579
9021701
9025864
23101718
14712074
8981799
9011736
22291133
9005447
23079251
14180217
17987571
9073513
9025066
17363332
17229011
17753325
43552708
9017353
9012550
9014721
9010004
9019651
9010273
9005021
9018083
9012169
9019642
9010827
9023795
9010108
9021984
9011370
9008559
24952771
9009923
9020350
9004924
13908905
9011789
9013811
9007412
9003406
9007387
9017669
9017537
9017522
9017405
9006622
9008413
9019104
9013092
9008964
9024159
9020676
5581506
22238901
511743
18483627
16479323
4563262
20642741
4207258
21963163
13714108
17579714
9994128
13910155
9994174
18446520
9024176
18532654
9015231
3363142
18370249
22797799
65668755
59048992
66155758
19476243
58199022
65337848
24840854
5396003
15181962
6539327
52383717
2860069
21634435
4974678
66504526
9994084
9993792
9018795
57791916
16829247
9015208
17986016
14695322
9023893
9005382
9010367
9010346
9004661
9005844
18275048
515587
13659627
9007911
9018285
9006814
17426482
9021924
9021702
9017226
9025090
9010562
9024535
15181806
18132298
9009641
9025687
9005325
9020674
9009177
9020835
9023954
9004064
9016142
9015723
9017671
9008920
9016732
9014213
5408745
9023308
9993270
9025674
9021834
9019851
9019017
9017709
9011448
9009219
9021558
9023091
56794501
58254640
32412373
66409824
24942839
28618550
2899087
23666153
4704880
2265025
32447609
32559865
22039771
65872091
19605149
43612351
27183826
19186972
38209841
22742572
18085206
21560688
21293247
2394202
19265050
4555968
17977813
21932516
6208415
23962917
6715913
5296972
21563095
19130300
3042211
9005967
16791068
21341039
27136429
6336053
9994370
9994369
9004383
9004608
21246585
9994462
9013158
58371774
9024962
9013189
3623869
9994232
9020523
9008494
48539052
9020810
9016783
9021054
9012947
9005890
27181707
9023967
9022612
9994333
9016125
9021216
9013552
9018397
9019918
9017489
9019046
9005056
9010592
9017284
9025104
32386351
9004149
9006639
9016113
9014142
9014982
9009360
9014736
9014778
9015243
9016932
9010260
9021699
9022326
9022740
9006939
9005262
9994286
9024806
9024848
9012452
9019640
9022679
9004802
9005258
9007562
17259880
9007639
9020812
9019102
9013564
9013432
9023230
9020479
9015082
9013183
9009739
9003427
9006673
9007630
9007663
9003940
9024443
9016121
9009932
9019865
9008711
21088621
22986852
59267588
18717851
22132771
6220574
9033356
20919992
2706268
27336579
4230831
4518183
24039322
22925309
19013663
66342563
57570901
9994443
9016197
16833858
23634797
15181964
27378366
18482394
9017423
9994406
10338296
17073344
2934139
16823380
66315886
16833808
18383988
10017137
9008779
9014370
18443697
9005603
9004178
9023007
9018953
9024374
9010870
9024869
14904793
19265027
2236669
13708805
15870764
2326888
2038828
5473946
513813
11244760
5570993
18002850
65667104
6024492
32496934
23365381
14154881
1934842
579454
6067764
9023259
2857507
48033063
9994563
5732657
5674348
21735585
9024637
4739750
21992048
9011058
18095056
38203034
4098910
18719554
16823681
9994492
17287208
38116144
13926427
16595993
22430950
19680546
9018879
22923119
9010440
9018026
9024560
9994062
8925672
22881521
9016775
4294980
15006973
22677963
9004173
9012810
17215996
56634941
9006403
9003967
17409710
9025272
8529364
16498092
16832769
16417456
9994349
13880769
9013537
9012144
9015621
9009746
9023344
65490943
66804269
9025550
4659757
24314857
18772878
16832793
16939001
9022222
13671357
9018140
9025230
9035963
9008042
9004640
66723615
9025663
9005060
9012950
9024518
9010552
9018368
9019157
9004800
9994722
9021635
9007896
9024001
9020960
18284077
9009822
9025667
9003314
9020864
9011695
9020136
15181973
17374980
9008675
9020070
9025106
9994419
9010372
9022498
17357106
9004496
9022378
9007788
9020494
9994355
9015886
9020270
9005467
9006434
9004184
9013119
9004676
9010275
15181889
9007924
9020304
9018935
17543781
15181878
9009583
9005880
9019401
9021135
9013947
9014140
9994715
9994048
17098215
9010131
9009252
9015585
9008967
9010500
9025533
9023580
9020103
9022563
9018726
9007746
9016905
9025185
9025956
9008643
9004359
9003920
9008804
9007922
9009074
9017699
9018029
9018467
9010805
9021872
9022376
9013655
9016454
9016814
17082126
9994682
9994550
9025402
9011326
9020935
9018619
9014848
9014134
9005338
9007165
9006739
9004717
17513779
9025708
9019189
9015640
9011017
9010207
9009991
9003517
15181982
16177805
9005296
17352237
17267256
9016862
9013988
9015449
9022616
9021752
9012116
9019700
9012455
9012554
9011885
32509244
511289
24653126
6237254
18443972
23672380
3512026
19004233
52344377
27398137
20629733
17327493
20653451
9994537
24501147
22737490
9009553
16830100
17361993
5169518
13833264
16833036
16832664
6443393
9016606
6117664
9014090
9005027
21052999
9005991
9013308
9024047
9006783
9007352
17007437
9994399
56538663
9007488
9994557
16832615
9010053
9005270
9013265
66827271
9005924
63036249
9023008
9994147
43595690
9010412
9024807
16834206
9994199
9007899
9994247
9003489
17287022
16938994
9994440
9015936
9021162
9023328
9011595
9019920
9021507
17558174
16938996
9018881
9013367
9012910
9006997
9008812
9022813
9003274
9005863
9006040
45260310
16832603
15872913
9025664
16823802
507724
2119834
27032336
22584006
515325
2449795
20850955
513410
21321840
23442454
54169783
16827507
5125733
9022218
22925155
9990803
6261402
23424460
15181893
66354733
4691026
9990823
32529631
32335976
8969267
48149346
9990983
16827005
16827418
15181826
9006780
9011079
5138279
9022220
16825401
18394748
9005777
9017037
9003209
9025938
18625356
9019837
17921809
9990837
9023278
9004421
9018082
9011647
9015348
9020769
9016450
9021933
9007591
18586172
9004211
9023118
9022301
9011154
